10
914
761
512
2287
1209
3148
3069
3070
4808
2292
2294
2291
933
1079
24
597
1103
453
1085
907
971
1083
826
1006
757
972
852
1104
843
1105
781
1946
3287
3307
1659
25
812
895
897
894
2014
454
410
723
2667
571
2908
1124
709
47
1259
1088
1112
2090
1623
1091
1422
1221
1102
1110
3010
1384
1109
54
4307
1706
1220
1151
1152
4167
1150
2789
2909
56
3369
3873
3877
3874
3876
3878
58
1193
974
1257
1191
2129
1228
4907
2345
1008
1523
3008
3527
1093
1009
1705
1073
1122
1383
2169
1097
3388
876
1101
1188
4467
1189
1227
64
2948
4228
3629
4809
2988
4007
3387
4368
1338
1233
1254
1347
1339
4008
8
987
1224
927
1225
930
1207